line
0 0 0 100 0 0
line
100 0 0 100 100 0
line
100 100 0 0 100 0
line
0 100 0 0 0 0
line
0 0 100 100 0 100
line
100 0 100 100 100 100
line
100 100 100 0 100 100
line
0 100 100 0 0 100
line
0 0 0 0 0 100
line
0 100 0 0 100 100
line
100 100 0 100 100 100
line
100 0 0 100 0 100
color
255 0 0
line
200 200 0 300 200 0
line
300 200 0 200 400 0
line
200 400 0 250 342 100
line
250 342 100 200 200 0
line
250 342 100 300 200 0
line
200 400 0 200 200 0
line
0 500 0 250 250 0
line
250 250 0 250 0 0
line
250 250 0 500 500 0
ident
rotate
z .5
apply
ident
rotate
y -.2
display
save
pic.ppm
